0 0.8265625 0.44074074074074077 0.8244791666666667 0.4527777777777778 0.8276041666666667 0.4583333333333333 0.834375 0.4564814814814815 0.8395833333333333 0.44907407407407407 0.83125 0.43796296296296294
0 0.5473958333333333 0.34074074074074073 0.5463541666666667 0.3453703703703704 0.5484375 0.34814814814814815 0.5583333333333333 0.3490740740740741 0.5625 0.3435185185185185 0.5630208333333333 0.3351851851851852 0.553125 0.3287037037037037
0 0.5145833333333333 0.4351851851851852 0.5109375 0.4388888888888889 0.5145833333333333 0.44722222222222224 0.5192708333333333 0.44814814814814813 0.5239583333333333 0.44351851851851853 0.5223958333333333 0.4351851851851852
0 0.4427083333333333 0.35185185185185186 0.44375 0.3592592592592593 0.4510416666666667 0.3611111111111111 0.45677083333333335 0.35555555555555557 0.4583333333333333 0.3453703703703704 0.453125 0.3435185185185185
0 0.4234375 0.37962962962962965 0.4239583333333333 0.3888888888888889 0.4296875 0.4009259259259259 0.43645833333333334 0.4 0.43645833333333334 0.3787037037037037
0 0.35572916666666665 0.29444444444444445 0.35625 0.3037037037037037 0.3640625 0.3 0.3614583333333333 0.29259259259259257
0 0.5234375 0.25092592592592594 0.5265625 0.25277777777777777 0.5286458333333334 0.25 0.5255208333333333 0.24814814814814815
0 0.5322916666666667 0.23981481481481481 0.5291666666666667 0.24444444444444444 0.5302083333333333 0.2490740740740741 0.5427083333333333 0.24722222222222223 0.5463541666666667 0.24074074074074073 0.54375 0.23796296296296296
0 0.4864583333333333 0.08055555555555556 0.48489583333333336 0.08333333333333333 0.4864583333333333 0.08703703703703704 0.4947916666666667 0.0824074074074074 0.49114583333333334 0.0787037037037037
0 0.30364583333333334 0.1935185185185185 0.3020833333333333 0.2 0.30416666666666664 0.20185185185185187 0.3182291666666667 0.1925925925925926 0.30885416666666665 0.18981481481481483
0 0.28854166666666664 0.09537037037037037 0.2869791666666667 0.09814814814814815 0.2890625 0.10092592592592593 0.29583333333333334 0.1 0.2984375 0.0962962962962963 0.296875 0.09166666666666666