0 0.8609375 0.4398148148148148 0.8614583333333333 0.4462962962962963 0.8651041666666667 0.45185185185185184 0.8723958333333334 0.44907407407407407 0.8776041666666666 0.44166666666666665 0.8671875 0.4287037037037037 0.8640625 0.4305555555555556
0 0.6260416666666667 0.3351851851851852 0.6260416666666667 0.3425925925925926 0.6375 0.3425925925925926 0.6421875 0.33796296296296297 0.6442708333333333 0.32685185185185184 0.6411458333333333 0.32314814814814813 0.634375 0.32314814814814813
0 0.621875 0.22314814814814815 0.6197916666666666 0.22777777777777777 0.6333333333333333 0.22685185185185186 0.640625 0.21666666666666667 0.63125 0.21296296296296297
0 0.5520833333333334 0.4703703703703704 0.553125 0.4777777777777778 0.5572916666666666 0.4787037037037037 0.5671875 0.47129629629629627 0.56875 0.46296296296296297 0.5614583333333333 0.45925925925925926
0 0.515625 0.425 0.515625 0.43333333333333335 0.5234375 0.4351851851851852 0.53125 0.4287037037037037 0.5328125 0.4185185185185185 0.5213541666666667 0.41759259259259257
0 0.46927083333333336 0.45185185185185184 0.4703125 0.45925925925925926 0.4796875 0.4685185185185185 0.4895833333333333 0.4675925925925926 0.49375 0.4601851851851852 0.490625 0.4462962962962963 0.48489583333333336 0.45185185185185184 0.47708333333333336 0.44814814814814813
0 0.4197916666666667 0.35555555555555557 0.41875 0.36203703703703705 0.42083333333333334 0.3648148148148148 0.4270833333333333 0.3638888888888889 0.4296875 0.35555555555555557 0.42552083333333335 0.34814814814814815
0 0.3828125 0.22314814814814815 0.38177083333333334 0.22777777777777777 0.3854166666666667 0.2324074074074074 0.3927083333333333 0.23055555555555557 0.39739583333333334 0.22407407407407406 0.39375 0.21944444444444444
0 0.4786458333333333 0.08981481481481482 0.4786458333333333 0.09259259259259259 0.4822916666666667 0.09351851851851851 0.4875 0.08703703703703704 0.48385416666666664 0.08518518518518518
0 0.30364583333333334 0.14166666666666666 0.3020833333333333 0.14444444444444443 0.303125 0.14907407407407408 0.3104166666666667 0.14814814814814814 0.31302083333333336 0.14444444444444443 0.3109375 0.1388888888888889
0 0.29583333333333334 0.33055555555555555 0.29583333333333334 0.3351851851851852 0.30052083333333335 0.3351851851851852 0.3072916666666667 0.3277777777777778