0 0.31927083333333334 0.10555555555555556 0.3171875 0.10925925925925926 0.31875 0.11203703703703703 0.3255208333333333 0.1111111111111111 0.32864583333333336 0.10555555555555556 0.3260416666666667 0.10277777777777777
0 0.30625 0.21203703703703702 0.30625 0.2175925925925926 0.3140625 0.2175925925925926 0.32395833333333335 0.2101851851851852 0.32447916666666665 0.2064814814814815 0.3125 0.2064814814814815
0 0.25677083333333334 0.2722222222222222 0.2552083333333333 0.27870370370370373 0.2609375 0.27685185185185185 0.2609375 0.2722222222222222
0 0.41302083333333334 0.3925925925925926 0.41458333333333336 0.40185185185185185 0.42552083333333335 0.4074074074074074 0.43072916666666666 0.4074074074074074 0.43697916666666664 0.4009259259259259 0.4354166666666667 0.3962962962962963 0.4234375 0.3851851851851852 0.41770833333333335 0.3861111111111111
0 0.5572916666666666 0.38055555555555554 0.5578125 0.3861111111111111 0.5640625 0.38796296296296295 0.5723958333333333 0.38425925925925924 0.5739583333333333 0.375 0.5713541666666667 0.36944444444444446 0.5635416666666667 0.36666666666666664 0.5604166666666667 0.36944444444444446
0 0.5375 0.2722222222222222 0.5380208333333333 0.2814814814814815 0.5489583333333333 0.2796296296296296 0.553125 0.27314814814814814 0.5505208333333333 0.26851851851851855
0 0.51875 0.10092592592592593 0.5192708333333333 0.10648148148148148 0.5255208333333333 0.10277777777777777 0.5234375 0.09814814814814815
0 0.43645833333333334 0.3685185185185185 0.43697916666666664 0.37592592592592594 0.4427083333333333 0.3768518518518518 0.44947916666666665 0.37037037037037035 0.4505208333333333 0.3648148148148148 0.44635416666666666 0.3574074074074074 0.4421875 0.35648148148148145
0 0.3578125 0.30925925925925923 0.3572916666666667 0.31666666666666665 0.35885416666666664 0.31851851851851853 0.36666666666666664 0.3138888888888889 0.36302083333333335 0.3055555555555556
0 0.5270833333333333 0.45092592592592595 0.5260416666666666 0.45740740740740743 0.528125 0.46111111111111114 0.5328125 0.46111111111111114 0.5369791666666667 0.4537037037037037 0.5364583333333334 0.44722222222222224 0.534375 0.44537037037037036 0.5296875 0.4462962962962963
0 0.828125 0.4388888888888889 0.8270833333333333 0.45185185185185184 0.8296875 0.4546296296296296 0.8359375 0.4537037037037037 0.8453125 0.44537037037037036 0.834375 0.4324074074074074