0 0.24895833333333334 0.11574074074074074 0.24739583333333334 0.11944444444444445 0.24947916666666667 0.12222222222222222 0.2552083333333333 0.12222222222222222 0.2578125 0.11851851851851852 0.2557291666666667 0.11296296296296296
0 0.296875 0.21666666666666667 0.29739583333333336 0.2212962962962963 0.30052083333333335 0.2222222222222222 0.3104166666666667 0.21574074074074073 0.30364583333333334 0.2101851851851852
0 0.2421875 0.2898148148148148 0.24166666666666667 0.2935185185185185 0.24479166666666666 0.2953703703703704 0.2515625 0.28703703703703703
0 0.42239583333333336 0.43148148148148147 0.42291666666666666 0.4361111111111111 0.43072916666666666 0.4361111111111111 0.4348958333333333 0.43425925925925923 0.43697916666666664 0.42685185185185187 0.4317708333333333 0.4185185185185185
0 0.3494791666666667 0.32407407407407407 0.3489583333333333 0.3296296296296296 0.3515625 0.33425925925925926 0.3578125 0.3296296296296296 0.35572916666666665 0.3212962962962963 0.35208333333333336 0.32037037037037036
0 0.4515625 0.39351851851851855 0.453125 0.40185185185185185 0.4578125 0.40185185185185185 0.465625 0.3972222222222222 0.46770833333333334 0.3907407407407407 0.45625 0.387037037037037
0 0.4979166666666667 0.4601851851851852 0.4973958333333333 0.4638888888888889 0.5 0.4666666666666667 0.5083333333333333 0.4675925925925926 0.5119791666666667 0.4648148148148148 0.5130208333333334 0.45925925925925926 0.5119791666666667 0.4546296296296296 0.5072916666666667 0.45185185185185184
0 0.5505208333333333 0.3388888888888889 0.553125 0.34629629629629627 0.5614583333333333 0.3453703703703704 0.5661458333333333 0.3398148148148148 0.5671875 0.33055555555555555 0.5604166666666667 0.32407407407407407 0.5572916666666666 0.325
0 0.5364583333333334 0.24537037037037038 0.5359375 0.25 0.5510416666666667 0.24537037037037038 0.55625 0.23703703703703705 0.546875 0.23425925925925925
0 0.8098958333333334 0.46296296296296297 0.8104166666666667 0.4703703703703704 0.8135416666666667 0.475 0.8213541666666667 0.4740740740740741 0.825 0.4685185185185185 0.825 0.4638888888888889 0.8171875 0.4537037037037037 0.8140625 0.4527777777777778
0 0.44375 0.09074074074074075 0.44427083333333334 0.09537037037037037 0.45260416666666664 0.09259259259259259 0.4510416666666667 0.08796296296296297