0 0.8291666666666667 0.4638888888888889 0.8296875 0.47129629629629627 0.8328125 0.475 0.8401041666666667 0.47314814814814815 0.8453125 0.4666666666666667 0.8354166666666667 0.4537037037037037 0.8328125 0.4546296296296296
0 0.5182291666666666 0.4666666666666667 0.5192708333333333 0.4740740740740741 0.5333333333333333 0.4703703703703704 0.5328125 0.46296296296296297 0.5291666666666667 0.4583333333333333
0 0.5770833333333333 0.33796296296296297 0.5755208333333334 0.3416666666666667 0.5765625 0.3490740740740741 0.5848958333333333 0.35 0.5921875 0.3425925925925926 0.5932291666666667 0.3333333333333333 0.584375 0.32592592592592595
0 0.5671875 0.24074074074074073 0.5666666666666667 0.24444444444444444 0.5744791666666667 0.24537037037037038 0.5817708333333333 0.24166666666666667 0.5828125 0.23703703703703705 0.5729166666666666 0.23425925925925925
0 0.4765625 0.4046296296296296 0.475 0.4101851851851852 0.4765625 0.41759259259259257 0.4869791666666667 0.41574074074074074 0.49270833333333336 0.4083333333333333 0.4921875 0.4046296296296296 0.4817708333333333 0.4009259259259259
0 0.43125 0.4388888888888889 0.4322916666666667 0.44814814814814813 0.44375 0.4537037037037037 0.45364583333333336 0.4527777777777778 0.4588541666666667 0.4425925925925926 0.45625 0.4351851851851852 0.45260416666666664 0.4324074074074074 0.44947916666666665 0.4398148148148148 0.44427083333333334 0.43703703703703706
0 0.3723958333333333 0.33796296296296297 0.3723958333333333 0.34444444444444444 0.3770833333333333 0.34629629629629627 0.3802083333333333 0.34444444444444444 0.38177083333333334 0.33611111111111114 0.37604166666666666 0.3314814814814815
0 0.32447916666666665 0.21944444444444444 0.32447916666666665 0.22777777777777777 0.33229166666666665 0.22407407407407406 0.33125 0.2175925925925926
0 0.459375 0.09166666666666666 0.4578125 0.09814814814814815 0.465625 0.09537037037037037 0.46510416666666665 0.09074074074074075
0 0.26614583333333336 0.12314814814814815 0.26614583333333336 0.1287037037037037 0.26875 0.13055555555555556 0.2760416666666667 0.12685185185185185 0.2760416666666667 0.12222222222222222 0.27291666666666664 0.12037037037037036
0 0.2609375 0.3037037037037037 0.26197916666666665 0.3101851851851852 0.2677083333333333 0.3074074074074074 0.2703125 0.30185185185185187 0.26666666666666666 0.3