0 0.8677083333333333 0.4287037037037037 0.8677083333333333 0.43425925925925923 0.871875 0.44166666666666665 0.8776041666666666 0.4398148148148148 0.8838541666666667 0.4324074074074074 0.8729166666666667 0.4185185185185185
0 0.615625 0.31851851851851853 0.6140625 0.3296296296296296 0.6197916666666666 0.3314814814814815 0.6270833333333333 0.3277777777777778 0.6317708333333333 0.3138888888888889 0.6296875 0.3101851851851852 0.6223958333333334 0.30833333333333335
0 0.553125 0.4546296296296296 0.5536458333333333 0.46111111111111114 0.5614583333333333 0.46111111111111114 0.5682291666666667 0.4564814814814815 0.5692708333333333 0.44814814814814813 0.5640625 0.44351851851851853
0 0.5046875 0.40370370370370373 0.5041666666666667 0.4111111111111111 0.5072916666666667 0.4148148148148148 0.5171875 0.41203703703703703 0.5239583333333333 0.4046296296296296 0.5125 0.3962962962962963 0.5078125 0.3972222222222222
0 0.46770833333333334 0.43425925925925923 0.4671875 0.43796296296296294 0.46979166666666666 0.4425925925925926 0.48072916666666665 0.45 0.49114583333333334 0.44722222222222224 0.49270833333333336 0.44166666666666665 0.49114583333333334 0.43333333333333335 0.4875 0.42962962962962964 0.484375 0.4351851851851852 0.4765625 0.4305555555555556
0 0.4114583333333333 0.33796296296296297 0.4114583333333333 0.3425925925925926 0.4192708333333333 0.3435185185185185 0.421875 0.3314814814814815 0.41770833333333335 0.3277777777777778
0 0.371875 0.21296296296296297 0.37083333333333335 0.22037037037037038 0.3765625 0.2222222222222222 0.3828125 0.21666666666666667 0.3848958333333333 0.2101851851851852
0 0.2984375 0.30833333333333335 0.30052083333333335 0.31203703703703706 0.3098958333333333 0.3055555555555556 0.3067708333333333 0.30277777777777776
0 0.29635416666666664 0.1287037037037037 0.29583333333333334 0.13240740740740742 0.3 0.1361111111111111 0.3067708333333333 0.13055555555555556 0.3067708333333333 0.12685185185185185 0.30416666666666664 0.125
0 0.4822916666666667 0.07685185185185185 0.48020833333333335 0.08055555555555556 0.48125 0.08333333333333333 0.48541666666666666 0.08333333333333333 0.4890625 0.07777777777777778
0 0.6125 0.2101851851851852 0.6057291666666667 0.22314814814814815 0.6229166666666667 0.2175925925925926 0.6260416666666667 0.21296296296296297 0.6229166666666667 0.2074074074074074