0 0.8177083333333334 0.4537037037037037 0.8177083333333334 0.45925925925925926 0.8213541666666667 0.4666666666666667 0.8260416666666667 0.4666666666666667 0.8328125 0.45925925925925926 0.8322916666666667 0.4537037037037037 0.825 0.4444444444444444 0.8208333333333333 0.44537037037037036
0 0.5026041666666666 0.4462962962962963 0.5041666666666667 0.45185185185185184 0.5130208333333334 0.4537037037037037 0.515625 0.44537037037037036 0.5140625 0.44074074074074077 0.5083333333333333 0.4398148148148148
0 0.5538192708333334 0.3274694444444444 0.5515625 0.33611111111111114 0.5546875 0.34074074074074073 0.5604166666666667 0.3416666666666667 0.5677083333333334 0.33055555555555555 0.5682291666666667 0.32407407407407407 0.5604166666666667 0.3175925925925926
0 0.5395833333333333 0.23703703703703705 0.5354166666666667 0.24444444444444444 0.5364583333333334 0.24814814814814815 0.5536458333333333 0.24074074074074073 0.5572916666666666 0.2324074074074074 0.5557291666666667 0.22962962962962963 0.5458333333333333 0.22962962962962963
0 0.43333333333333335 0.3972222222222222 0.4296875 0.412962962962963 0.4432291666666667 0.4074074074074074 0.4421875 0.4 0.4359375 0.39537037037037037
0 0.42135416666666664 0.41574074074074074 0.41822916666666665 0.4185185185185185 0.425 0.41759259259259257
0 0.45625 0.3648148148148148 0.45260416666666664 0.3712962962962963 0.4546875 0.3787037037037037 0.46875 0.3731481481481482 0.46875 0.36944444444444446 0.4635416666666667 0.362962962962963
0 0.35208333333333336 0.3055555555555556 0.35260416666666666 0.31574074074074077 0.35989583333333336 0.31296296296296294 0.35833333333333334 0.30462962962962964
0 0.2984375 0.19907407407407407 0.29635416666666664 0.2064814814814815 0.2989583333333333 0.20833333333333334 0.3104166666666667 0.20277777777777778 0.3072916666666667 0.1962962962962963
0 0.4583333333333333 0.08148148148148149 0.4583333333333333 0.08518518518518518 0.4625 0.08611111111111111 0.46822916666666664 0.07962962962962963 0.4625 0.07777777777777778
0 0.2625 0.1 0.26145833333333335 0.10555555555555556 0.26458333333333334 0.10740740740740741 0.2708333333333333 0.10277777777777777 0.26979166666666665 0.09722222222222222