0 0.8651041666666667 0.4212962962962963 0.8640625 0.4287037037037037 0.8692708333333333 0.43796296296296294 0.8802083333333334 0.4287037037037037 0.8802083333333334 0.425 0.8697916666666666 0.41388888888888886
0 0.6078125 0.31666666666666665 0.6072916666666667 0.32037037037037036 0.6098958333333333 0.325 0.6177083333333333 0.32407407407407407 0.6234375 0.31851851851851853 0.625 0.30648148148148147 0.6171875 0.30185185185185187
0 0.6020833333333333 0.20925925925925926 0.5963541666666666 0.21666666666666667 0.6130208333333333 0.21574074074074073 0.6166666666666667 0.2101851851851852 0.6166666666666667 0.20555555555555555 0.6072916666666667 0.20462962962962963
0 0.5510416666666667 0.44814814814814813 0.5505208333333333 0.4527777777777778 0.5552083333333333 0.4564814814814815 0.5651041666666666 0.45185185185185184 0.5666666666666667 0.4444444444444444 0.5640625 0.4388888888888889 0.5598958333333334 0.4388888888888889
0 0.503125 0.3972222222222222 0.5026041666666666 0.4046296296296296 0.5104166666666666 0.4064814814814815 0.5213541666666667 0.3962962962962963 0.5083333333333333 0.3888888888888889
0 0.4661458333333333 0.42777777777777776 0.46458333333333335 0.4351851851851852 0.478125 0.4444444444444444 0.4869791666666667 0.4425925925925926 0.4901041666666667 0.4351851851851852 0.48802083333333335 0.425 0.48489583333333336 0.4222222222222222 0.48072916666666665 0.42962962962962964 0.4739583333333333 0.425
0 0.40729166666666666 0.32314814814814813 0.40520833333333334 0.33425925925925926 0.41302083333333334 0.3351851851851852 0.4140625 0.32407407407407407 0.4114583333333333 0.32037037037037036
0 0.359375 0.2111111111111111 0.359375 0.21574074074074073 0.36354166666666665 0.21851851851851853 0.36770833333333336 0.21666666666666667 0.3692708333333333 0.20925925925925926 0.365625 0.20555555555555555
0 0.4786458333333333 0.07222222222222222 0.47760416666666666 0.07777777777777778 0.48541666666666666 0.07407407407407407 0.484375 0.07037037037037037
0 0.2911458333333333 0.12129629629629629 0.2911458333333333 0.12685185185185185 0.29635416666666664 0.12777777777777777 0.3015625 0.11944444444444445 0.296875 0.1175925925925926
0 0.29322916666666665 0.3 0.29270833333333335 0.3055555555555556 0.296875 0.3055555555555556 0.3026041666666667 0.29814814814814816 0.3 0.2962962962962963