0 0.8614583333333333 0.4361111111111111 0.8609375 0.4425925925925926 0.865625 0.45092592592592595 0.8739583333333333 0.44537037037037036 0.8770833333333333 0.4388888888888889 0.8661458333333333 0.42685185185185187
0 0.6161458333333333 0.33425925925925926 0.6166666666666667 0.3425925925925926 0.6255208333333333 0.3425925925925926 0.6307291666666667 0.3388888888888889 0.6348958333333333 0.32685185185185184 0.6338541666666667 0.32314814814814813 0.6265625 0.3194444444444444
0 0.5484375 0.4666666666666667 0.5489583333333333 0.4740740740740741 0.5546875 0.475 0.5614583333333333 0.4703703703703704 0.5645833333333333 0.462037037037037 0.5609375 0.45740740740740743 0.5567708333333333 0.45740740740740743
0 0.5015625 0.42314814814814816 0.5020833333333333 0.4287037037037037 0.5088541666666667 0.4305555555555556 0.5140625 0.4287037037037037 0.5223958333333333 0.4185185185185185 0.5078125 0.412962962962963
0 0.4666666666666667 0.4462962962962963 0.46510416666666665 0.4527777777777778 0.4765625 0.462037037037037 0.48385416666666664 0.46296296296296297 0.49166666666666664 0.45555555555555555 0.48802083333333335 0.44074074074074077 0.48385416666666664 0.44166666666666665 0.48125 0.44722222222222224 0.475 0.4444444444444444
0 0.4140625 0.35 0.41354166666666664 0.35648148148148145 0.41770833333333335 0.36018518518518516 0.42239583333333336 0.35833333333333334 0.42604166666666665 0.35185185185185186 0.42239583333333336 0.3435185185185185 0.41770833333333335 0.3435185185185185
0 0.3765625 0.225 0.378125 0.2324074074074074 0.3927083333333333 0.22685185185185186 0.39010416666666664 0.21851851851851853
0 0.2989583333333333 0.3212962962962963 0.29583333333333334 0.32407407407407407 0.29791666666666666 0.3277777777777778 0.3078125 0.32314814814814813 0.3072916666666667 0.3194444444444444
0 0.3 0.14166666666666666 0.2984375 0.14444444444444443 0.3 0.15 0.30833333333333335 0.14537037037037037 0.3072916666666667 0.1388888888888889
0 0.48020833333333335 0.08703703703703704 0.47760416666666666 0.09166666666666666 0.4786458333333333 0.09351851851851851 0.4859375 0.09074074074074075 0.48489583333333336 0.08611111111111111
0 0.6098958333333333 0.22592592592592592 0.609375 0.23055555555555557 0.6119791666666666 0.2324074074074074 0.6239583333333333 0.22962962962962963 0.6296875 0.225 0.6317708333333333 0.21666666666666667 0.621875 0.21388888888888888