0 0.8885416666666667 0.4425925925925926 0.8869791666666667 0.4527777777777778 0.8916666666666667 0.46111111111111114 0.8958333333333334 0.4601851851851852 0.9020833333333333 0.44907407407407407 0.8994791666666667 0.4425925925925926 0.8942708333333333 0.4388888888888889
0 0.7229166666666667 0.35 0.7213541666666666 0.362962962962963 0.7302083333333333 0.3638888888888889 0.7375 0.3592592592592593 0.7411458333333333 0.3453703703703704 0.7390625 0.34074074074074073 0.7307291666666667 0.33796296296296297
0 0.7026041666666667 0.22685185185185186 0.7020833333333333 0.23055555555555557 0.7192708333333333 0.22685185185185186 0.7260416666666667 0.21944444444444444 0.7229166666666667 0.21481481481481482 0.7151041666666667 0.21388888888888888
0 0.6380208333333334 0.4842592592592593 0.6385416666666667 0.4925925925925926 0.6416666666666667 0.49537037037037035 0.6489583333333333 0.49074074074074076 0.6520833333333333 0.48148148148148145 0.6505208333333333 0.47685185185185186 0.6453125 0.475
0 0.60625 0.44722222222222224 0.6052083333333333 0.4564814814814815 0.609375 0.46296296296296297 0.6197916666666666 0.45925925925925926 0.6229166666666667 0.4546296296296296 0.6229166666666667 0.4425925925925926
0 0.5307291666666667 0.4703703703703704 0.5291666666666667 0.4861111111111111 0.5302083333333333 0.4935185185185185 0.5328125 0.4962962962962963 0.5447916666666667 0.49166666666666664 0.5510416666666667 0.4842592592592593 0.5557291666666667 0.4740740740740741 0.55625 0.46574074074074073 0.5526041666666667 0.4583333333333333 0.5447916666666667 0.46296296296296297 0.5364583333333334 0.462037037037037
0 0.49635416666666665 0.37777777777777777 0.4942708333333333 0.3861111111111111 0.49635416666666665 0.3907407407407407 0.5020833333333333 0.38981481481481484 0.5067708333333333 0.38055555555555554 0.5026041666666666 0.37407407407407406
0 0.6088541666666667 0.287962962962963 0.6088541666666667 0.2972222222222222 0.6135416666666667 0.3 0.6130208333333333 0.2898148148148148
0 0.43697916666666664 0.21851851851851853 0.43697916666666664 0.22407407407407406 0.4395833333333333 0.22685185185185186 0.446875 0.22685185185185186 0.4515625 0.22314814814814815 0.45364583333333336 0.21666666666666667 0.4427083333333333 0.21481481481481482
0 0.515625 0.07685185185185185 0.5151041666666667 0.08148148148148149 0.5244791666666667 0.07777777777777778 0.5223958333333333 0.07314814814814814
0 0.3494791666666667 0.13518518518518519 0.35 0.14074074074074075 0.3541666666666667 0.14166666666666666 0.35885416666666664 0.1388888888888889 0.3609375 0.13333333333333333 0.35625 0.13148148148148148