0 0.31354166666666666 0.20185185185185187 0.31145833333333334 0.2074074074074074 0.31614583333333335 0.20925925925925926 0.32395833333333335 0.2064814814814815 0.3296875 0.19907407407407407 0.31979166666666664 0.19722222222222222
0 0.26197916666666665 0.26851851851851855 0.26145833333333335 0.2740740740740741 0.26614583333333336 0.27314814814814814 0.2671875 0.26944444444444443 0.265625 0.26481481481481484
0 0.3072916666666667 0.1037037037037037 0.3072916666666667 0.10833333333333334 0.31354166666666666 0.10833333333333334 0.3177083333333333 0.10185185185185185 0.31302083333333336 0.09907407407407408
0 0.3640625 0.29907407407407405 0.3625 0.3074074074074074 0.365625 0.3111111111111111 0.3692708333333333 0.3101851851851852 0.3703125 0.30092592592592593 0.36614583333333334 0.2962962962962963
0 0.42239583333333336 0.387037037037037 0.42135416666666664 0.3925925925925926 0.42291666666666666 0.3972222222222222 0.42916666666666664 0.4027777777777778 0.43854166666666666 0.40555555555555556 0.44375 0.40185185185185185 0.44375 0.39444444444444443 0.4328125 0.38055555555555554
0 0.5536458333333333 0.35833333333333334 0.553125 0.36203703703703705 0.5557291666666667 0.36574074074074076 0.5677083333333334 0.3638888888888889 0.5697916666666667 0.35185185185185186 0.5671875 0.34629629629629627 0.559375 0.34444444444444444
0 0.4432291666666667 0.3592592592592593 0.4421875 0.362962962962963 0.44479166666666664 0.36574074074074076 0.4510416666666667 0.36574074074074076 0.45625 0.3574074074074074 0.45260416666666664 0.34629629629629627 0.44947916666666665 0.3472222222222222
0 0.5322916666666667 0.25833333333333336 0.5291666666666667 0.262037037037037 0.546875 0.2611111111111111 0.5505208333333333 0.25833333333333336 0.5526041666666667 0.25092592592592594 0.5427083333333333 0.25
0 0.5057291666666667 0.08981481481481482 0.5052083333333334 0.09537037037037037 0.5119791666666667 0.09259259259259259 0.5119791666666667 0.08796296296296297
0 0.525 0.44074074074074077 0.5239583333333333 0.44722222222222224 0.5260416666666666 0.45185185185185184 0.5302083333333333 0.4537037037037037 0.5338541666666666 0.45 0.5333333333333333 0.44074074074074077
0 0.8322916666666667 0.44537037037037036 0.8317708333333333 0.45185185185185184 0.8348958333333333 0.4564814814814815 0.8411458333333334 0.4564814814814815 0.8473958333333333 0.45092592592592595 0.8447916666666667 0.4425925925925926 0.8385416666666666 0.4361111111111111 0.8348958333333333 0.43703703703703706