0 0.8822916666666667 0.4425925925925926 0.8817708333333333 0.4462962962962963 0.8869791666666667 0.4537037037037037 0.8911458333333333 0.4527777777777778 0.8984375 0.44351851851851853 0.896875 0.43796296296296294 0.890625 0.43148148148148147 0.8869791666666667 0.43148148148148147
0 0.6661458333333333 0.33425925925925926 0.665625 0.34074074074074073 0.6682291666666667 0.3453703703703704 0.6786458333333333 0.3435185185185185 0.6838541666666667 0.337037037037037 0.6859375 0.32685185185185184 0.68125 0.3212962962962963 0.6755208333333333 0.3212962962962963
0 0.5869791666666667 0.46944444444444444 0.5875 0.4759259259259259 0.5932291666666667 0.4777777777777778 0.5989583333333334 0.4703703703703704 0.5994791666666667 0.4648148148148148 0.596875 0.4601851851851852 0.5921875 0.46111111111111114
0 0.5552083333333333 0.42685185185185187 0.5546875 0.4361111111111111 0.5567708333333333 0.44074074074074077 0.5651041666666666 0.4398148148148148 0.5713541666666667 0.43425925925925923 0.5708333333333333 0.42777777777777776 0.5666666666666667 0.42407407407407405 0.5604166666666667 0.4222222222222222
0 0.5015625 0.4601851851851852 0.5 0.46296296296296297 0.5015625 0.4685185185185185 0.5125 0.47685185185185186 0.5260416666666666 0.46944444444444444 0.5223958333333333 0.4527777777777778 0.5203125 0.4564814814814815 0.5072916666666667 0.4564814814814815
0 0.45416666666666666 0.35185185185185186 0.44895833333333335 0.36203703703703705 0.45208333333333334 0.3675925925925926 0.45625 0.3675925925925926 0.46145833333333336 0.3592592592592593 0.45989583333333334 0.3509259259259259
0 0.4635416666666667 0.30277777777777776 0.4625 0.3074074074074074 0.4708333333333333 0.30648148148148147
0 0.41041666666666665 0.21481481481481482 0.4114583333333333 0.22037037037037038 0.4203125 0.22037037037037038 0.4244791666666667 0.21666666666666667 0.4265625 0.20925925925925926 0.42083333333333334 0.2074074074074074
0 0.3182291666666667 0.33425925925925926 0.3177083333333333 0.3388888888888889 0.321875 0.3398148148148148 0.328125 0.33611111111111114 0.32864583333333336 0.3314814814814815
0 0.328125 0.13055555555555556 0.32760416666666664 0.13425925925925927 0.33177083333333335 0.13703703703703704 0.33697916666666666 0.13425925925925927 0.3390625 0.12777777777777777 0.33489583333333334 0.1259259259259259
0 0.6630208333333333 0.20925925925925926 0.6557291666666667 0.21944444444444444 0.65625 0.22314814814814815 0.6713541666666667 0.21944444444444444 0.6776041666666667 0.21203703703703702 0.6760416666666667 0.2074074074074074 0.6708333333333333 0.20555555555555555
0 0.49947916666666664 0.0787037037037037 0.49947916666666664 0.0824074074074074 0.5046875 0.0824074074074074 0.5083333333333333 0.07592592592592592 0.5046875 0.07407407407407407
0 0.571875 0.2712962962962963 0.5713541666666667 0.27870370370370373 0.5755208333333334 0.2796296296296296 0.5765625 0.2722222222222222 0.575 0.26944444444444443