0 0.2875 0.09722222222222222 0.28541666666666665 0.10185185185185185 0.28802083333333334 0.10555555555555556 0.29375 0.10555555555555556 0.29635416666666664 0.10185185185185185 0.2942708333333333 0.09537037037037037
0 0.30625 0.20092592592592592 0.3067708333333333 0.20555555555555555 0.31197916666666664 0.20555555555555555 0.32083333333333336 0.1962962962962963 0.31354166666666666 0.1935185185185185
0 0.3614583333333333 0.29814814814814816 0.3619791666666667 0.3074074074074074 0.36614583333333334 0.30833333333333335 0.3692708333333333 0.30462962962962964 0.3692708333333333 0.3 0.36614583333333334 0.2953703703703704
0 0.2578125 0.26666666666666666 0.2552083333333333 0.275 0.2630208333333333 0.26944444444444443 0.2625 0.26481481481481484
0 0.45416666666666666 0.35555555555555557 0.45416666666666666 0.362962962962963 0.45989583333333334 0.3648148148148148 0.4666666666666667 0.3611111111111111 0.46927083333333336 0.35185185185185186 0.46197916666666666 0.3490740740740741
0 0.428125 0.4009259259259259 0.4270833333333333 0.41944444444444445 0.43020833333333336 0.42314814814814816 0.43645833333333334 0.4212962962962963 0.4473958333333333 0.39444444444444443 0.4473958333333333 0.3787037037037037 0.4348958333333333 0.3824074074074074 0.4322916666666667 0.39537037037037037
0 0.5567708333333333 0.33425925925925926 0.55625 0.3425925925925926 0.565625 0.34444444444444444 0.5708333333333333 0.3398148148148148 0.5723958333333333 0.33055555555555555 0.5640625 0.32407407407407407
0 0.5328125 0.24722222222222223 0.5322916666666667 0.25092592592592594 0.5369791666666667 0.25092592592592594 0.55 0.24537037037037038 0.5541666666666667 0.23703703703703705 0.5453125 0.23425925925925925
0 0.5151041666666667 0.4388888888888889 0.5145833333333333 0.4425925925925926 0.51875 0.44722222222222224 0.5239583333333333 0.44722222222222224 0.5276041666666667 0.4425925925925926 0.5255208333333333 0.4351851851851852
0 0.4828125 0.08148148148148149 0.48333333333333334 0.08703703703703704 0.48854166666666665 0.08611111111111111 0.49166666666666664 0.08148148148148149 0.48854166666666665 0.0787037037037037
0 0.8348958333333333 0.44074074074074077 0.8322916666666667 0.45 0.8375 0.4601851851851852 0.8432291666666667 0.45925925925925926 0.8479166666666667 0.4527777777777778 0.846875 0.4462962962962963 0.8421875 0.4398148148148148 0.8369791666666667 0.43703703703703706