0 0.8671875 0.412962962962963 0.8661458333333333 0.41759259259259257 0.871875 0.42685185185185187 0.8838541666666667 0.4185185185185185 0.8807291666666667 0.4111111111111111 0.8729166666666667 0.40370370370370373 0.8697916666666666 0.40555555555555556
0 0.5526041666666667 0.44074074074074077 0.5536458333333333 0.44907407407407407 0.5614583333333333 0.44814814814814813 0.5677083333333334 0.44537037037037036 0.56875 0.4351851851851852 0.5635416666666667 0.4305555555555556
0 0.6104166666666667 0.30833333333333335 0.6098958333333333 0.3148148148148148 0.6161458333333333 0.3194444444444444 0.6265625 0.3101851851851852 0.6291666666666667 0.3 0.6239583333333333 0.29444444444444445 0.61875 0.29444444444444445
0 0.6005208333333333 0.2064814814814815 0.6010416666666667 0.2101851851851852 0.6098958333333333 0.20925925925925926 0.6203125 0.20185185185185187 0.6213541666666667 0.19722222222222222 0.6125 0.1935185185185185
0 0.5036458333333333 0.39351851851851855 0.5041666666666667 0.3990740740740741 0.5119791666666667 0.40185185185185185 0.5229166666666667 0.3907407407407407 0.5109375 0.38333333333333336 0.5072916666666667 0.3851851851851852
0 0.41041666666666665 0.31851851851851853 0.4088541666666667 0.32314814814814813 0.40989583333333335 0.3296296296296296 0.4171875 0.3277777777777778 0.41822916666666665 0.3194444444444444 0.4166666666666667 0.31574074074074077
0 0.4666666666666667 0.4212962962962963 0.46822916666666664 0.4287037037037037 0.478125 0.43703703703703706 0.4875 0.43425925925925923 0.49114583333333334 0.4287037037037037 0.48802083333333335 0.4166666666666667 0.48020833333333335 0.4212962962962963 0.4734375 0.4166666666666667
0 0.3651041666666667 0.20277777777777778 0.36614583333333334 0.20925925925925926 0.3723958333333333 0.20925925925925926 0.3802083333333333 0.2037037037037037 0.38125 0.19907407407407407 0.37916666666666665 0.1962962962962963
0 0.4796875 0.06296296296296296 0.47708333333333336 0.06759259259259259 0.4786458333333333 0.06944444444444445 0.48541666666666666 0.06851851851851852 0.4869791666666667 0.06388888888888888 0.48489583333333336 0.06111111111111111
0 0.29270833333333335 0.11388888888888889 0.2916666666666667 0.11851851851851852 0.29375 0.12129629629629629 0.3 0.12129629629629629 0.303125 0.11574074074074074 0.30104166666666665 0.11203703703703703
0 0.29635416666666664 0.2935185185185185 0.2947916666666667 0.29814814814814816 0.296875 0.3 0.3067708333333333 0.2916666666666667 0.303125 0.2898148148148148