0 0.8645833333333334 0.42777777777777776 0.8635416666666667 0.4324074074074074 0.8682291666666667 0.4425925925925926 0.8723958333333334 0.44166666666666665 0.8791666666666667 0.43333333333333335 0.878125 0.42777777777777776 0.8697916666666666 0.41944444444444445
0 0.6135416666666667 0.325 0.6151041666666667 0.33425925925925926 0.6203125 0.33425925925925926 0.6302083333333334 0.32407407407407407 0.6317708333333333 0.31574074074074077 0.6291666666666667 0.3111111111111111 0.6229166666666667 0.3101851851851852
0 0.6067708333333334 0.22037037037037038 0.6057291666666667 0.22407407407407406 0.6229166666666667 0.21944444444444444 0.628125 0.2111111111111111 0.6177083333333333 0.2074074074074074
0 0.55 0.45555555555555555 0.5494791666666666 0.45925925925925926 0.5520833333333334 0.46296296296296297 0.5604166666666667 0.46111111111111114 0.565625 0.45555555555555555 0.5661458333333333 0.44907407407407407 0.5640625 0.44537037037037036 0.559375 0.44537037037037036
0 0.5015625 0.4074074074074074 0.5010416666666667 0.412962962962963 0.5041666666666667 0.4166666666666667 0.5119791666666667 0.41574074074074074 0.5208333333333334 0.4074074074074074 0.5104166666666666 0.3990740740740741 0.5052083333333334 0.3990740740740741
0 0.4661458333333333 0.4361111111111111 0.4671875 0.4425925925925926 0.4796875 0.45092592592592595 0.4875 0.44814814814814813 0.49114583333333334 0.4425925925925926 0.4875 0.42962962962962964 0.4828125 0.4351851851851852 0.4703125 0.4324074074074074
0 0.41302083333333334 0.337037037037037 0.4140625 0.3453703703703704 0.41822916666666665 0.3453703703703704 0.421875 0.3416666666666667 0.42291666666666666 0.33425925925925926 0.42135416666666664 0.33055555555555555 0.4166666666666667 0.3296296296296296
0 0.375 0.21296296296296297 0.3729166666666667 0.21666666666666667 0.375 0.2222222222222222 0.38125 0.2212962962962963 0.3885416666666667 0.21296296296296297 0.38697916666666665 0.2101851851851852
0 0.2984375 0.30925925925925923 0.30104166666666665 0.3138888888888889 0.3078125 0.3111111111111111 0.3104166666666667 0.30648148148148147 0.30520833333333336 0.30462962962962964
0 0.29791666666666666 0.13055555555555556 0.2994791666666667 0.13703703703703704 0.30833333333333335 0.13333333333333333 0.3072916666666667 0.12685185185185185
0 0.4817708333333333 0.0787037037037037 0.48072916666666665 0.08518518518518518 0.4890625 0.08148148148148149 0.4875 0.07592592592592592