0 0.3385416666666667 0.12314814814814815 0.33697916666666666 0.1259259259259259 0.3380208333333333 0.13055555555555556 0.3484375 0.125 0.3453125 0.12037037037037036
0 0.42604166666666665 0.2064814814814815 0.425 0.21296296296296297 0.428125 0.21574074074074073 0.4348958333333333 0.21388888888888888 0.43645833333333334 0.2101851851851852 0.4328125 0.20462962962962963
0 0.5052083333333334 0.06481481481481481 0.5046875 0.06944444444444445 0.5088541666666667 0.06944444444444445 0.5125 0.06296296296296296
0 0.6932291666666667 0.2037037037037037 0.6921875 0.2111111111111111 0.6890625 0.21481481481481482 0.703125 0.21296296296296297 0.7104166666666667 0.20277777777777778 0.7067708333333333 0.19907407407407407 0.6973958333333333 0.19907407407407407
0 0.7036458333333333 0.3416666666666667 0.7036458333333333 0.34814814814814815 0.70625 0.3490740740740741 0.7171875 0.34629629629629627 0.7234375 0.337037037037037 0.7239583333333334 0.32685185185185184 0.7171875 0.3212962962962963 0.7130208333333333 0.32222222222222224
0 0.5947916666666667 0.2722222222222222 0.5947916666666667 0.28425925925925927 0.5979166666666667 0.2861111111111111 0.5989583333333334 0.275
0 0.5911458333333334 0.43148148148148147 0.590625 0.4425925925925926 0.5947916666666667 0.44722222222222224 0.6026041666666667 0.44537037037037036 0.6078125 0.4398148148148148 0.6072916666666667 0.42777777777777776 0.5958333333333333 0.42777777777777776
0 0.6234375 0.4703703703703704 0.625 0.4787037037037037 0.6307291666666667 0.47962962962962963 0.6364583333333333 0.47314814814814815 0.6369791666666667 0.4666666666666667 0.6354166666666666 0.4601851851851852 0.6322916666666667 0.45925925925925926
0 0.521875 0.4564814814814815 0.5234375 0.4787037037037037 0.5286458333333334 0.48148148148148145 0.5390625 0.4777777777777778 0.5447916666666667 0.4685185185185185 0.5479166666666667 0.4546296296296296 0.5463541666666667 0.44907407407407407 0.5427083333333333 0.44722222222222224 0.5427083333333333 0.4425925925925926 0.5364583333333334 0.4425925925925926 0.5255208333333333 0.44907407407407407
0 0.4796875 0.3685185185185185 0.48020833333333335 0.37592592592592594 0.48489583333333336 0.37592592592592594 0.49166666666666664 0.36574074074074076 0.48802083333333335 0.3592592592592593 0.48385416666666664 0.3592592592592593
0 0.8807291666666667 0.42592592592592593 0.8791666666666667 0.4361111111111111 0.8828125 0.44351851851851853 0.8885416666666667 0.4425925925925926 0.8942708333333333 0.4324074074074074 0.8942708333333333 0.4287037037037037 0.8875 0.4203703703703704 0.8828125 0.4212962962962963