0 0.8927083333333333 0.43148148148148147 0.8916666666666667 0.4425925925925926 0.8947916666666667 0.45 0.9010416666666666 0.44907407407407407 0.9052083333333333 0.44074074074074077 0.9057291666666667 0.4351851851851852 0.9005208333333333 0.4287037037037037 0.8953125 0.42777777777777776
0 0.7338541666666667 0.3472222222222222 0.7338541666666667 0.35833333333333334 0.7479166666666667 0.3574074074074074 0.7515625 0.35185185185185186 0.7541666666666667 0.33796296296296297 0.7442708333333333 0.3296296296296296
0 0.7192708333333333 0.21388888888888888 0.7166666666666667 0.22037037037037038 0.73125 0.21851851851851853 0.7375 0.2101851851851852 0.7328125 0.20555555555555555 0.725 0.20555555555555555
0 0.6489583333333333 0.47685185185185186 0.6489583333333333 0.48518518518518516 0.6552083333333333 0.48703703703703705 0.6598958333333333 0.48333333333333334 0.6640625 0.47314814814814815 0.6614583333333334 0.4685185185185185 0.65625 0.4675925925925926
0 0.615625 0.4462962962962963 0.6151041666666667 0.4546296296296296 0.6192708333333333 0.45925925925925926 0.6338541666666667 0.4527777777777778 0.6307291666666667 0.4398148148148148 0.6197916666666666 0.44074074074074077
0 0.5348958333333333 0.4759259259259259 0.5359375 0.4861111111111111 0.546875 0.487962962962963 0.55 0.4824074074074074 0.5520833333333334 0.46296296296296297 0.5494791666666666 0.45740740740740743 0.5432291666666667 0.45740740740740743
0 0.5083333333333333 0.37962962962962965 0.5057291666666667 0.3861111111111111 0.5078125 0.3907407407407407 0.5140625 0.38981481481481484 0.5213541666666667 0.38055555555555554 0.5161458333333333 0.3731481481481482 0.5114583333333333 0.3731481481481482
0 0.5119791666666667 0.32592592592592595 0.5119791666666667 0.3287037037037037 0.5166666666666667 0.33055555555555555 0.5223958333333333 0.3277777777777778
0 0.44375 0.21481481481481482 0.44479166666666664 0.21944444444444444 0.4505208333333333 0.2222222222222222 0.4578125 0.21944444444444444 0.4625 0.21296296296296297 0.45260416666666664 0.20925925925925926
0 0.5213541666666667 0.06851851851851852 0.521875 0.07407407407407407 0.5286458333333334 0.07037037037037037 0.5265625 0.06574074074074074
0 0.3578125 0.13148148148148148 0.35989583333333336 0.13796296296296295 0.36666666666666664 0.13425925925925927 0.36822916666666666 0.1287037037037037 0.3640625 0.12685185185185185
0 0.3494791666666667 0.3675925925925926 0.3489583333333333 0.37037037037037035 0.35208333333333336 0.3731481481481482 0.359375 0.3648148148148148
0 0.19479166666666667 0.2935185185185185 0.19322916666666667 0.2962962962962963 0.1953125 0.29907407407407405 0.20260416666666667 0.2953703703703704 0.19947916666666668 0.29074074074074074