0 0.3067708333333333 0.19166666666666668 0.30520833333333336 0.19814814814814816 0.3109375 0.19907407407407407 0.321875 0.18888888888888888 0.31197916666666664 0.18796296296296297
0 0.4869791666666667 0.07777777777777778 0.48541666666666666 0.08055555555555556 0.4864583333333333 0.08425925925925926 0.4921875 0.08333333333333333 0.4942708333333333 0.07777777777777778
0 0.28802083333333334 0.09444444444444444 0.2890625 0.09907407407407408 0.29375 0.09907407407407408 0.29791666666666666 0.0962962962962963 0.2989583333333333 0.09166666666666666 0.29583333333333334 0.08888888888888889
0 0.4510416666666667 0.34814814814814815 0.44895833333333335 0.35185185185185186 0.44947916666666665 0.3574074074074074 0.45625 0.36018518518518516 0.4640625 0.35185185185185186 0.46458333333333335 0.34444444444444444 0.45989583333333334 0.3425925925925926
0 0.359375 0.29444444444444445 0.36041666666666666 0.30277777777777776 0.36822916666666666 0.3 0.36614583333333334 0.29074074074074074 0.3619791666666667 0.2898148148148148
0 0.2546875 0.2611111111111111 0.2546875 0.2657407407407407 0.2609375 0.262037037037037 0.25833333333333336 0.2574074074074074
0 0.43072916666666666 0.37777777777777777 0.4296875 0.38425925925925924 0.4317708333333333 0.3972222222222222 0.4395833333333333 0.4009259259259259 0.44427083333333334 0.3768518518518518
0 0.5526041666666667 0.3351851851851852 0.553125 0.3425925925925926 0.5640625 0.3435185185185185 0.5682291666666667 0.33240740740740743 0.5666666666666667 0.3277777777777778 0.5598958333333334 0.32407407407407407 0.5567708333333333 0.325
0 0.5286458333333334 0.24537037037037038 0.5286458333333334 0.25092592592592594 0.5333333333333333 0.25092592592592594 0.5463541666666667 0.24444444444444444 0.5505208333333333 0.23703703703703705 0.5421875 0.23333333333333334
0 0.5140625 0.4361111111111111 0.5145833333333333 0.44166666666666665 0.5203125 0.44537037037037036 0.5260416666666666 0.44074074074074077 0.5260416666666666 0.43425925925925923 0.5239583333333333 0.4324074074074074
0 0.8302083333333333 0.4444444444444444 0.8291666666666667 0.4527777777777778 0.8338541666666667 0.45925925925925926 0.8453125 0.45 0.8354166666666667 0.43703703703703706