0 0.8390625 0.45555555555555555 0.8380208333333333 0.45925925925925926 0.8442708333333333 0.4685185185185185 0.8546875 0.4601851851851852 0.8520833333333333 0.4527777777777778 0.8453125 0.44537037037037036
0 0.5854166666666667 0.3416666666666667 0.5848958333333333 0.3453703703703704 0.5875 0.3490740740740741 0.5958333333333333 0.34814814814814815 0.6020833333333333 0.3416666666666667 0.6036458333333333 0.3333333333333333 0.6015625 0.3277777777777778 0.5953125 0.325
0 0.5744791666666667 0.24074074074074073 0.5734375 0.24444444444444444 0.5869791666666667 0.24259259259259258 0.5901041666666667 0.24074074074074073 0.5921875 0.23333333333333334 0.5838541666666667 0.23055555555555557
0 0.5286458333333334 0.4675925925925926 0.528125 0.4740740740740741 0.5307291666666667 0.47685185185185186 0.5390625 0.4759259259259259 0.5447916666666667 0.46944444444444444 0.5411458333333333 0.4601851851851852 0.5328125 0.462037037037037
0 0.4859375 0.40925925925925927 0.48489583333333336 0.41944444444444445 0.4864583333333333 0.4212962962962963 0.4953125 0.4203703703703704 0.5010416666666667 0.41388888888888886 0.5 0.4101851851851852 0.49166666666666664 0.4046296296296296
0 0.440625 0.4444444444444444 0.4421875 0.4527777777777778 0.45416666666666666 0.45925925925925926 0.4630208333333333 0.4583333333333333 0.46822916666666664 0.45092592592592595 0.4666666666666667 0.44166666666666665 0.4635416666666667 0.43703703703703706 0.45989583333333334 0.44351851851851853 0.4453125 0.44074074074074077
0 0.38125 0.34444444444444444 0.38229166666666664 0.3509259259259259 0.3859375 0.35185185185185186 0.39010416666666664 0.34814814814814815 0.390625 0.3416666666666667 0.3854166666666667 0.33611111111111114
0 0.33541666666666664 0.22407407407407406 0.3338541666666667 0.22685185185185186 0.33489583333333334 0.23333333333333334 0.3390625 0.23425925925925925 0.34270833333333334 0.22870370370370371 0.3421875 0.22314814814814815
0 0.2703125 0.3111111111111111 0.26875 0.31666666666666665 0.27395833333333336 0.31666666666666665 0.2796875 0.30925925925925923
0 0.27447916666666666 0.13055555555555556 0.27291666666666664 0.13333333333333333 0.27447916666666666 0.13796296296296295 0.2828125 0.13425925925925927 0.28125 0.1287037037037037
0 0.4625 0.09537037037037037 0.4625 0.09907407407407408 0.46822916666666664 0.09907407407407408 0.4703125 0.09351851851851851 0.4666666666666667 0.09166666666666666