0 0.31666666666666665 0.09814814814814815 0.3145833333333333 0.10185185185185185 0.31666666666666665 0.10648148148148148 0.32447916666666665 0.10277777777777777 0.32447916666666665 0.09722222222222222
0 0.31302083333333336 0.20277777777777778 0.3125 0.2064814814814815 0.3177083333333333 0.2074074074074074 0.32708333333333334 0.19907407407407407 0.3203125 0.1962962962962963
0 0.41875 0.387037037037037 0.4192708333333333 0.39537037037037037 0.42291666666666666 0.3990740740740741 0.4354166666666667 0.40370370370370373 0.4427083333333333 0.39814814814814814 0.440625 0.38981481481481484 0.43020833333333336 0.3787037037037037 0.4244791666666667 0.37962962962962965
0 0.5567708333333333 0.3611111111111111 0.5567708333333333 0.36944444444444446 0.5677083333333334 0.36944444444444446 0.571875 0.36574074074074076 0.5729166666666666 0.3574074074074074 0.5703125 0.35185185185185186 0.5625 0.35
0 0.5255208333333333 0.4425925925925926 0.525 0.44814814814814813 0.5286458333333334 0.4537037037037037 0.5333333333333333 0.4527777777777778 0.5364583333333334 0.4462962962962963 0.5338541666666666 0.4388888888888889 0.528125 0.4388888888888889
0 0.4432291666666667 0.3509259259259259 0.43802083333333336 0.36574074074074076 0.4453125 0.36574074074074076 0.45364583333333336 0.3574074074074074 0.44947916666666665 0.3472222222222222 0.44635416666666666 0.34629629629629627
0 0.5296875 0.2611111111111111 0.5296875 0.2675925925925926 0.5354166666666667 0.26851851851851855 0.5510416666666667 0.26296296296296295 0.5541666666666667 0.2574074074074074 0.5526041666666667 0.2537037037037037 0.5463541666666667 0.25277777777777777
0 0.5130208333333334 0.09166666666666666 0.5125 0.09537037037037037 0.5166666666666667 0.0962962962962963 0.5213541666666667 0.09074074074074075 0.5166666666666667 0.08796296296296297
0 0.8307291666666666 0.44166666666666665 0.83125 0.45 0.8380208333333333 0.4564814814814815 0.8442708333333333 0.4527777777777778 0.8463541666666666 0.4462962962962963 0.8447916666666667 0.44074074074074077 0.8359375 0.4324074074074074
0 0.36302083333333335 0.30185185185185187 0.3625 0.3074074074074074 0.36614583333333334 0.3101851851851852 0.3697916666666667 0.30833333333333335 0.3723958333333333 0.3 0.365625 0.2953703703703704
0 0.2625 0.2657407407407407 0.26197916666666665 0.26944444444444443 0.265625 0.2712962962962963 0.2682291666666667 0.26481481481481484 0.26510416666666664 0.262037037037037