0 0.8828125 0.43333333333333335 0.88125 0.44166666666666665 0.8859375 0.45 0.8979166666666667 0.4388888888888889 0.8953125 0.43148148148148147 0.8880208333333334 0.42592592592592593
0 0.6723958333333333 0.3351851851851852 0.6729166666666667 0.3416666666666667 0.675 0.3435185185185185 0.6854166666666667 0.3416666666666667 0.6911458333333333 0.3333333333333333 0.6927083333333334 0.32222222222222224 0.6890625 0.31666666666666665 0.6838541666666667 0.31666666666666665
0 0.66875 0.20277777777777778 0.6630208333333333 0.21388888888888888 0.6776041666666667 0.21203703703703702 0.6838541666666667 0.2037037037037037 0.6786458333333333 0.19907407407407407
0 0.5770833333333333 0.26666666666666666 0.5744791666666667 0.27314814814814814 0.5776041666666667 0.275 0.5791666666666667 0.26851851851851855
0 0.5947916666666667 0.4638888888888889 0.5942708333333333 0.4703703703703704 0.6015625 0.47314814814814815 0.6088541666666667 0.4601851851851852 0.6020833333333333 0.45555555555555555
0 0.5630208333333333 0.42314814814814816 0.5619791666666667 0.43148148148148147 0.5640625 0.4388888888888889 0.5703125 0.4388888888888889 0.5786458333333333 0.43148148148148147 0.578125 0.4203703703703704
0 0.5078125 0.4564814814814815 0.5057291666666667 0.4601851851851852 0.5078125 0.46574074074074073 0.5177083333333333 0.47314814814814815 0.5239583333333333 0.47314814814814815 0.5322916666666667 0.4666666666666667 0.5291666666666667 0.45092592592592595 0.5192708333333333 0.45925925925925926 0.5125 0.4546296296296296
0 0.4609375 0.34814814814814815 0.4546875 0.3592592592592593 0.4552083333333333 0.362962962962963 0.4609375 0.3638888888888889 0.4666666666666667 0.35462962962962963 0.4661458333333333 0.3490740740740741
0 0.4140625 0.20462962962962963 0.41458333333333336 0.21203703703703702 0.4192708333333333 0.21296296296296297 0.4296875 0.20925925925925926 0.43333333333333335 0.20277777777777778 0.4234375 0.19722222222222222
0 0.5015625 0.06759259259259259 0.5010416666666667 0.07314814814814814 0.5083333333333333 0.06851851851851852 0.50625 0.06574074074074074
0 0.33125 0.12037037037037036 0.3302083333333333 0.12685185185185185 0.3333333333333333 0.1287037037037037 0.3385416666666667 0.1259259259259259 0.3416666666666667 0.11944444444444445
0 0.3203125 0.33240740740740743 0.31875 0.33796296296296297 0.32083333333333336 0.3398148148148148 0.3296875 0.3314814814814815 0.3265625 0.3287037037037037