0 0.42239583333333336 0.21666666666666667 0.421875 0.22407407407407406 0.43072916666666666 0.22314814814814815 0.43020833333333336 0.21666666666666667 0.428125 0.21481481481481482
0 0.3359375 0.13333333333333333 0.33489583333333334 0.1388888888888889 0.3375 0.14074074074074075 0.3458333333333333 0.13518518518518519 0.3453125 0.13055555555555556
0 0.5036458333333333 0.07962962962962963 0.5041666666666667 0.08333333333333333 0.5088541666666667 0.08333333333333333 0.5114583333333333 0.07777777777777778
0 0.675 0.225 0.675 0.22777777777777777 0.6927083333333334 0.225 0.6979166666666666 0.2175925925925926 0.6979166666666666 0.21388888888888888 0.6848958333333334 0.21203703703703702
0 0.690625 0.3472222222222222 0.6911458333333333 0.35833333333333334 0.7020833333333333 0.3574074074074074 0.7083333333333334 0.3509259259259259 0.7109375 0.33796296296296297 0.7020833333333333 0.3296296296296296
0 0.8854166666666666 0.4425925925925926 0.8848958333333333 0.45185185185185184 0.8901041666666667 0.4583333333333333 0.8942708333333333 0.4564814814814815 0.9 0.44722222222222224 0.8984375 0.44166666666666665 0.8911458333333333 0.4351851851851852 0.8869791666666667 0.43703703703703706
0 0.6130208333333333 0.48055555555555557 0.6135416666666667 0.48703703703703705 0.6203125 0.487962962962963 0.625 0.4824074074074074 0.6260416666666667 0.4759259259259259 0.6244791666666667 0.4703703703703704 0.61875 0.46944444444444444
0 0.5802083333333333 0.4398148148148148 0.5791666666666667 0.4462962962962963 0.58125 0.4546296296296296 0.5927083333333333 0.4527777777777778 0.596875 0.44722222222222224 0.5947916666666667 0.43796296296296294 0.5848958333333333 0.4351851851851852
0 0.5203125 0.47129629629629627 0.5203125 0.47685185185185186 0.5291666666666667 0.49074074074074076 0.5328125 0.49166666666666664 0.5447916666666667 0.48148148148148145 0.5427083333333333 0.46296296296296297 0.5348958333333333 0.4722222222222222 0.5286458333333334 0.4675925925925926
0 0.5848958333333333 0.287962962962963 0.584375 0.3 0.5869791666666667 0.3 0.590625 0.2935185185185185 0.5901041666666667 0.2814814814814815 0.5880208333333333 0.2796296296296296
0 0.4734375 0.36574074074074076 0.46822916666666664 0.37592592592592594 0.46927083333333336 0.3814814814814815 0.47552083333333334 0.3814814814814815 0.48072916666666665 0.37407407407407406 0.4791666666666667 0.36574074074074076
0 0.4796875 0.31574074074074077 0.478125 0.31851851851851853 0.48072916666666665 0.3212962962962963 0.4875 0.3212962962962963 0.48854166666666665 0.31851851851851853