0 0.8630208333333333 0.42685185185185187 0.8609375 0.43703703703703706 0.865625 0.44537037037037036 0.8958333333333334 0.4351851851851852 0.8942708333333333 0.4305555555555556 0.8786458333333333 0.42962962962962964 0.8697916666666666 0.4212962962962963 0.8661458333333333 0.4212962962962963
0 0.6223958333333334 0.3277777777777778 0.6229166666666667 0.33796296296296297 0.6307291666666667 0.33796296296296297 0.6390625 0.32685185185185184 0.6401041666666667 0.32037037037037036 0.6322916666666667 0.3148148148148148
0 0.6161458333333333 0.22037037037037038 0.6151041666666667 0.22407407407407406 0.6208333333333333 0.22407407407407406 0.6328125 0.21851851851851853 0.6369791666666667 0.21296296296296297 0.634375 0.20833333333333334 0.6265625 0.20833333333333334
0 0.5510416666666667 0.46296296296296297 0.5510416666666667 0.4685185185185185 0.5567708333333333 0.47129629629629627 0.5614583333333333 0.4675925925925926 0.5651041666666666 0.45925925925925926 0.5630208333333333 0.4546296296296296 0.5572916666666666 0.4546296296296296
0 0.509375 0.4166666666666667 0.5083333333333333 0.425 0.5114583333333333 0.42777777777777776 0.51875 0.42685185185185187 0.5244791666666667 0.4212962962962963 0.5234375 0.4148148148148148 0.5166666666666667 0.4101851851851852
0 0.4671875 0.4462962962962963 0.46927083333333336 0.4527777777777778 0.48072916666666665 0.46111111111111114 0.4875 0.46111111111111114 0.49375 0.4527777777777778 0.49114583333333334 0.4388888888888889 0.48802083333333335 0.43703703703703706 0.48385416666666664 0.4462962962962963 0.475 0.4425925925925926
0 0.41822916666666665 0.34814814814814815 0.41822916666666665 0.35555555555555557 0.4239583333333333 0.35648148148148145 0.42864583333333334 0.34629629629629627 0.42604166666666665 0.3416666666666667 0.42135416666666664 0.34074074074074073
0 0.38125 0.21944444444444444 0.3796875 0.22407407407407406 0.3828125 0.22777777777777777 0.39010416666666664 0.22314814814814815 0.3885416666666667 0.2175925925925926
0 0.30104166666666665 0.3194444444444444 0.29635416666666664 0.32592592592592595 0.30052083333333335 0.3296296296296296 0.309375 0.32222222222222224 0.3072916666666667 0.31666666666666665
0 0.3015625 0.1388888888888889 0.3015625 0.14351851851851852 0.30520833333333336 0.14537037037037037 0.31145833333333334 0.14166666666666666 0.3125 0.1361111111111111 0.3067708333333333 0.13518518518518519
0 0.48020833333333335 0.08425925925925926 0.4791666666666667 0.08796296296296297 0.48489583333333336 0.08888888888888889 0.48854166666666665 0.08518518518518518 0.48854166666666665 0.08148148148148149 0.48333333333333334 0.08055555555555556