0 0.8239583333333333 0.4638888888888889 0.821875 0.475 0.8244791666666667 0.48055555555555557 0.8307291666666666 0.48055555555555557 0.8375 0.47314814814814815 0.8359375 0.4666666666666667 0.8296875 0.45925925925925926 0.8270833333333333 0.4583333333333333
0 0.5072916666666667 0.45555555555555555 0.5052083333333334 0.4601851851851852 0.5083333333333333 0.4638888888888889 0.5161458333333333 0.4648148148148148 0.51875 0.4601851851851852 0.51875 0.45555555555555555 0.5151041666666667 0.45185185185185184
0 0.5546875 0.3453703703703704 0.5536458333333333 0.3490740740740741 0.5567708333333333 0.35555555555555557 0.5614583333333333 0.35648148148148145 0.5682291666666667 0.35 0.5713541666666667 0.34074074074074073 0.5635416666666667 0.3333333333333333
0 0.5421875 0.25092592592592594 0.5369791666666667 0.25833333333333336 0.5375 0.262037037037037 0.5536458333333333 0.2574074074074074 0.5578125 0.2537037037037037 0.5588541666666667 0.24814814814814815 0.5520833333333334 0.24444444444444444
0 0.4552083333333333 0.38055555555555554 0.45625 0.387037037037037 0.4625 0.38796296296296295 0.4708333333333333 0.37962962962962965 0.46822916666666664 0.37407407407407406 0.4630208333333333 0.37222222222222223
0 0.42239583333333336 0.4287037037037037 0.421875 0.4324074074074074 0.42864583333333334 0.4305555555555556 0.4479166666666667 0.41388888888888886 0.43802083333333336 0.40555555555555556 0.4348958333333333 0.4148148148148148 0.428125 0.41944444444444445
0 0.30104166666666665 0.21481481481481482 0.30104166666666665 0.22037037037037038 0.3067708333333333 0.22037037037037038 0.3171875 0.20925925925925926 0.3067708333333333 0.20925925925925926
0 0.35625 0.3148148148148148 0.35572916666666665 0.325 0.3625 0.3277777777777778 0.3640625 0.3175925925925926 0.3609375 0.3138888888888889
0 0.46510416666666665 0.09537037037037037 0.46510416666666665 0.09907407407407408 0.4703125 0.1 0.47604166666666664 0.09444444444444444 0.4703125 0.09259259259259259
0 0.2682291666666667 0.11296296296296296 0.26666666666666666 0.11574074074074074 0.2682291666666667 0.11851851851851852 0.2734375 0.11944444444444445 0.27760416666666665 0.11666666666666667 0.2786458333333333 0.11203703703703703 0.275 0.10833333333333334
0 0.24895833333333334 0.2833333333333333 0.24947916666666667 0.287962962962963 0.253125 0.287962962962963 0.2557291666666667 0.2824074074074074 0.2515625 0.2796296296296296