0 0.8572916666666667 0.4185185185185185 0.8572916666666667 0.42314814814814816 0.8625 0.42777777777777776 0.8703125 0.42592592592592593 0.8734375 0.4212962962962963 0.8630208333333333 0.4074074074074074
0 0.6015625 0.3074074074074074 0.6020833333333333 0.3175925925925926 0.6104166666666667 0.3175925925925926 0.6177083333333333 0.3101851851851852 0.61875 0.3 0.6171875 0.2962962962962963 0.609375 0.29444444444444445
0 0.5901041666666667 0.2101851851851852 0.5895833333333333 0.21296296296296297 0.6026041666666667 0.2101851851851852 0.6072916666666667 0.2074074074074074 0.609375 0.19907407407407407 0.5984375 0.19814814814814816
0 0.5447916666666667 0.4398148148148148 0.5463541666666667 0.44814814814814813 0.5552083333333333 0.44722222222222224 0.5619791666666667 0.44166666666666665 0.5609375 0.4351851851851852 0.5572916666666666 0.4305555555555556
0 0.5015625 0.37962962962962965 0.4973958333333333 0.3888888888888889 0.4979166666666667 0.39444444444444443 0.5088541666666667 0.39537037037037037 0.5140625 0.38796296296296295 0.5140625 0.38333333333333336 0.5109375 0.38055555555555554
0 0.4578125 0.41944444444444445 0.4578125 0.425 0.46822916666666664 0.43333333333333335 0.48020833333333335 0.43333333333333335 0.484375 0.42592592592592593 0.48072916666666665 0.412962962962963 0.47239583333333335 0.4185185185185185 0.46197916666666666 0.41574074074074074
0 0.39791666666666664 0.3212962962962963 0.39791666666666664 0.325 0.4041666666666667 0.32685185185185184 0.4078125 0.31666666666666665 0.4041666666666667 0.31203703703703706 0.4010416666666667 0.31296296296296294
0 0.35104166666666664 0.20092592592592592 0.35208333333333336 0.20925925925925926 0.35833333333333334 0.20833333333333334 0.36041666666666666 0.2037037037037037 0.35885416666666664 0.19722222222222222
0 0.47552083333333334 0.06296296296296296 0.4734375 0.07037037037037037 0.48020833333333335 0.06851851851851852 0.4828125 0.06388888888888888 0.48072916666666665 0.06111111111111111
0 0.2859375 0.10925925925925926 0.2859375 0.11574074074074074 0.2916666666666667 0.11574074074074074 0.29635416666666664 0.10833333333333334 0.29270833333333335 0.10555555555555556
0 0.2859375 0.2898148148148148 0.284375 0.29444444444444445 0.2869791666666667 0.2962962962962963 0.2953125 0.29074074074074074 0.29635416666666664 0.28703703703703703