0 0.3072916666666667 0.2111111111111111 0.3067708333333333 0.21666666666666667 0.3140625 0.2175925925925926 0.325 0.20833333333333334 0.31614583333333335 0.20555555555555555
0 0.33697916666666666 0.10462962962962963 0.3359375 0.10925925925925926 0.3380208333333333 0.1111111111111111 0.346875 0.10555555555555556 0.3453125 0.10092592592592593
0 0.40989583333333335 0.3925925925925926 0.41041666666666665 0.4009259259259259 0.41822916666666665 0.4074074074074074 0.428125 0.4064814814814815 0.43385416666666665 0.4009259259259259 0.4317708333333333 0.39444444444444443 0.41875 0.3851851851851852 0.41458333333333336 0.3861111111111111
0 0.5427083333333333 0.29259259259259257 0.5395833333333333 0.2962962962962963 0.5411458333333333 0.3 0.5536458333333333 0.3055555555555556 0.5630208333333333 0.3037037037037037 0.5677083333333334 0.2962962962962963 0.5598958333333334 0.2916666666666667
0 0.5416666666666666 0.11944444444444445 0.5395833333333333 0.12314814814814815 0.5411458333333333 0.125 0.5473958333333333 0.125 0.5515625 0.11944444444444445 0.5494791666666666 0.11666666666666667
0 0.571875 0.41574074074074074 0.5723958333333333 0.42314814814814816 0.5859375 0.4222222222222222 0.5890625 0.4185185185185185 0.590625 0.4074074074074074 0.5848958333333333 0.4 0.5807291666666666 0.4009259259259259
0 0.5432291666666667 0.4527777777777778 0.5411458333333333 0.4564814814814815 0.5432291666666667 0.4666666666666667 0.5510416666666667 0.4675925925925926 0.5557291666666667 0.46296296296296297 0.55625 0.4564814814814815 0.5541666666666667 0.4537037037037037
0 0.584375 0.5675925925925925 0.584375 0.5740740740740741 0.5880208333333333 0.5796296296296296 0.5953125 0.5814814814814815 0.5989583333333334 0.5777777777777777 0.5885416666666666 0.5657407407407408
0 0.4401041666666667 0.3675925925925926 0.4395833333333333 0.3768518518518518 0.4421875 0.38055555555555554 0.44947916666666665 0.38055555555555554 0.45416666666666666 0.3731481481481482 0.45260416666666664 0.36666666666666664 0.4473958333333333 0.36203703703703705 0.4421875 0.362962962962963
0 0.36354166666666665 0.3138888888888889 0.36302083333333335 0.3194444444444444 0.36666666666666664 0.3212962962962963 0.37083333333333335 0.31666666666666665 0.371875 0.3111111111111111 0.36822916666666666 0.3074074074074074
0 0.8296875 0.44907407407407407 0.8296875 0.45555555555555555 0.8369791666666667 0.462037037037037 0.8442708333333333 0.4527777777777778 0.8421875 0.44537037037037036 0.8359375 0.44074074074074077 0.8328125 0.44166666666666665