0 0.8588541666666667 0.4425925925925926 0.8583333333333333 0.44907407407407407 0.8619791666666666 0.45555555555555555 0.8666666666666667 0.45555555555555555 0.8744791666666667 0.44722222222222224 0.8734375 0.44166666666666665 0.8661458333333333 0.43333333333333335 0.8625 0.43333333333333335
0 0.6119791666666666 0.33611111111111114 0.6130208333333333 0.34444444444444444 0.6229166666666667 0.3435185185185185 0.6286458333333333 0.337037037037037 0.6307291666666667 0.3277777777777778 0.6229166666666667 0.32222222222222224
0 0.6067708333333334 0.23055555555555557 0.6046875 0.23425925925925925 0.6161458333333333 0.23425925925925925 0.6239583333333333 0.22962962962962963 0.6265625 0.22314814814814815 0.6234375 0.21944444444444444 0.6171875 0.21944444444444444
0 0.47708333333333336 0.09166666666666666 0.47708333333333336 0.0962962962962963 0.4817708333333333 0.09537037037037037 0.484375 0.08888888888888889
0 0.5473958333333333 0.4666666666666667 0.5458333333333333 0.4740740740740741 0.5520833333333334 0.47685185185185186 0.5614583333333333 0.4703703703703704 0.5619791666666667 0.4638888888888889 0.5557291666666667 0.4583333333333333
0 0.4979166666666667 0.4203703703703704 0.4973958333333333 0.42592592592592593 0.5005208333333333 0.4305555555555556 0.5088541666666667 0.42962962962962964 0.5177083333333333 0.4212962962962963 0.5119791666666667 0.41388888888888886 0.5020833333333333 0.41203703703703703
0 0.46197916666666666 0.44907407407407407 0.4630208333333333 0.45555555555555555 0.47604166666666664 0.46296296296296297 0.48541666666666666 0.4601851851851852 0.48854166666666665 0.4537037037037037 0.4875 0.44537037037037036 0.484375 0.44166666666666665 0.47760416666666666 0.44814814814814813 0.46979166666666666 0.44351851851851853
0 0.41041666666666665 0.34814814814814815 0.409375 0.35555555555555557 0.4114583333333333 0.35833333333333334 0.41875 0.35648148148148145 0.42083333333333334 0.3490740740740741 0.4166666666666667 0.3425925925925926 0.41354166666666664 0.3425925925925926
0 0.3729166666666667 0.22407407407407406 0.371875 0.23148148148148148 0.3765625 0.23333333333333334 0.38645833333333335 0.22870370370370371 0.3885416666666667 0.2222222222222222 0.38229166666666664 0.21944444444444444
0 0.2953125 0.3194444444444444 0.2953125 0.32407407407407407 0.3 0.325 0.3046875 0.32222222222222224 0.30572916666666666 0.3175925925925926
0 0.296875 0.1398148148148148 0.29583333333333334 0.14814814814814814 0.30625 0.14444444444444443 0.30416666666666664 0.13796296296296295