0 0.8807291666666667 0.425 0.8796875 0.43148148148148147 0.884375 0.4398148148148148 0.8890625 0.4388888888888889 0.896875 0.42962962962962964 0.8869791666666667 0.41574074074074074
0 0.6567708333333333 0.32037037037037036 0.6557291666666667 0.32592592592592595 0.6572916666666667 0.3296296296296296 0.6682291666666667 0.3296296296296296 0.6729166666666667 0.32407407407407407 0.675 0.3138888888888889 0.6713541666666667 0.30925925925925923 0.665625 0.30833333333333335
0 0.5796875 0.45555555555555555 0.5776041666666667 0.4601851851851852 0.578125 0.46574074074074073 0.5848958333333333 0.4675925925925926 0.5901041666666667 0.45925925925925926 0.5911458333333334 0.45185185185185184 0.5854166666666667 0.44907407407407407
0 0.5494791666666666 0.4101851851851852 0.5463541666666667 0.41574074074074074 0.5484375 0.42685185185185187 0.5567708333333333 0.425 0.5625 0.4185185185185185 0.5614583333333333 0.4083333333333333
0 0.49270833333333336 0.4462962962962963 0.4942708333333333 0.4537037037037037 0.5057291666666667 0.46296296296296297 0.5151041666666667 0.46296296296296297 0.51875 0.4537037037037037 0.515625 0.44074074074074077 0.5119791666666667 0.43796296296296294 0.50625 0.44351851851851853 0.4984375 0.4398148148148148
0 0.44583333333333336 0.3416666666666667 0.44166666666666665 0.3527777777777778 0.44427083333333334 0.35648148148148145 0.44947916666666665 0.35555555555555557 0.453125 0.3490740740740741 0.453125 0.3416666666666667 0.44947916666666665 0.33796296296296297
0 0.6526041666666667 0.19722222222222222 0.6458333333333334 0.2111111111111111 0.6614583333333334 0.2074074074074074 0.6666666666666666 0.19907407407407407 0.6614583333333334 0.1935185185185185
0 0.403125 0.2064814814814815 0.40260416666666665 0.2101851851851852 0.40625 0.21388888888888888 0.41458333333333336 0.20925925925925926 0.41041666666666665 0.2037037037037037
0 0.4947916666666667 0.06944444444444445 0.49583333333333335 0.07407407407407407 0.5015625 0.07222222222222222 0.503125 0.06759259259259259
0 0.321875 0.12407407407407407 0.32083333333333336 0.1287037037037037 0.32395833333333335 0.13148148148148148 0.33177083333333335 0.1259259259259259 0.32916666666666666 0.12129629629629629
0 0.31302083333333336 0.325 0.31354166666666666 0.3287037037037037 0.3177083333333333 0.3287037037037037 0.3223958333333333 0.325 0.3234375 0.32037037037037036