1 0.31590104166666666 0.3631388888888889 0.02763541666666667 0.031324074074074074
1 0.3168385416666667 0.297287037037037 0.0445625 0.03952777777777777
1 0.29875520833333336 0.263712962962963 0.03154166666666667 0.03205555555555555
1 0.33998958333333335 0.4288703703703704 0.03877083333333333 0.04138888888888889
1 0.29260937499999995 0.4705462962962963 0.048177083333333336 0.040379629629629626
1 0.7040677083333333 0.635962962962963 0.03544791666666667 0.03375925925925926
1 0.7479010416666667 0.6076666666666667 0.03746875 0.028601851851851854
1 0.6675364583333334 0.2406851851851852 0.026041666666666668 0.029212962962962965
1 0.5719739583333333 0.22100925925925927 0.030526041666666667 0.024833333333333332
1 0.5434010416666666 0.5524814814814815 0.04282291666666667 0.023175925925925926
1 0.5793541666666666 0.7144259259259259 0.024447916666666666 0.03637037037037037
0 0.42346874999999995 0.16648148148148148 0.18720833333333334 0.18533333333333332
0 0.47272916666666664 0.32804629629629634 0.18272395833333333 0.2224537037037037
0 0.6123385416666667 0.4079259259259259 0.24782812499999998 0.26081481481481483