1 0.310546875 0.27374074074074073 0.041234375000000004 0.027425925925925927
1 0.32935416666666667 0.3055185185185185 0.055697916666666666 0.03336111111111111
1 0.33080208333333333 0.37124074074074076 0.02965625 0.022842592592592595
1 0.35510937499999995 0.43543518518518515 0.033130208333333334 0.03599074074074074
1 0.30866666666666664 0.4812222222222223 0.04209895833333333 0.037037037037037035
1 0.7236666666666667 0.6251574074074073 0.03530208333333333 0.02449074074074074
1 0.55721875 0.5459259259259259 0.036890624999999996 0.028574074074074075
1 0.7710520833333334 0.5864444444444444 0.03168229166666667 0.037592592592592594
1 0.6812083333333334 0.23039814814814816 0.029078125 0.029212962962962965
0 0.44285416666666666 0.18693518518518518 0.21209375000000003 0.2036111111111111
0 0.5309583333333333 0.3631666666666667 0.24131770833333333 0.28858333333333336
0 0.7008802083333333 0.4072777777777778 0.2877604166666667 0.21837037037037038