1 0.35271875 0.4327222222222222 0.03993229166666667 0.05114814814814815
1 0.32819791666666664 0.36841666666666667 0.03486458333333333 0.03364814814814815
1 0.330078125 0.30024074074074075 0.03978645833333334 0.03103703703703704
1 0.30671354166666664 0.2687314814814815 0.03588020833333334 0.029740740740740738
1 0.30439583333333337 0.47968518518518516 0.03472395833333333 0.04012037037037037
1 0.7146979166666667 0.640462962962963 0.03588020833333334 0.03247222222222222
1 0.7623697916666666 0.6097222222222223 0.03168229166666667 0.03477777777777778
1 0.677734375 0.24775925925925923 0.024447916666666666 0.033074074074074075
1 0.5891197916666666 0.7178981481481482 0.03819270833333333 0.026851851851851852
1 0.5518645833333333 0.5538981481481482 0.033130208333333334 0.028064814814814813
0 0.44509375 0.16996296296296295 0.25245833333333334 0.19639814814814816
0 0.6533541666666667 0.4153888888888889 0.28877083333333337 0.2098888888888889
0 0.5056406250000001 0.3285648148148148 0.28327604166666664 0.21112962962962964