1 0.325375 0.367 0.030380208333333332 0.02875925925925926
1 0.3511302083333333 0.43299074074074073 0.03095833333333333 0.043444444444444445
1 0.30476041666666664 0.4782685185185185 0.02965625 0.03523148148148148
1 0.3115572916666667 0.5196851851851851 0.024739583333333332 0.029592592592592594
1 0.554109375 0.5410370370370371 0.032984374999999996 0.022916666666666665
1 0.722078125 0.6188518518518519 0.03558854166666667 0.024231481481481482
1 0.7649739583333334 0.586574074074074 0.0206875 0.02962037037037037
1 0.5974375 0.6975740740740741 0.03168229166666667 0.03147222222222222
1 0.67946875 0.2302685185185185 0.026765625 0.02689814814814815
1 0.5807291666666666 0.2147037037037037 0.03761458333333333 0.024574074074074075
0 0.42238020833333334 0.1615925925925926 0.17925520833333333 0.1282222222222222
0 0.4598541666666666 0.30115740740740743 0.199796875 0.20160185185185184
0 0.611546875 0.39082407407407405 0.30873958333333335 0.24099999999999996
1 0.3075833333333333 0.2703981481481481 0.034145833333333334 0.033074074074074075
1 0.32834375 0.3087314814814815 0.049046875000000004 0.043898148148148144