1 0.30721875 0.2817222222222222 0.03920833333333333 0.02691666666666667
1 0.3253020833333334 0.31298148148148147 0.04644270833333333 0.04416666666666667
1 0.32566666666666666 0.37935185185185183 0.029802083333333333 0.024648148148148148
1 0.30302604166666663 0.4906111111111111 0.02734375 0.041416666666666664
1 0.34990104166666663 0.4489351851851852 0.037760416666666664 0.04242592592592593
1 0.587890625 0.7247222222222223 0.02763541666666667 0.03637037037037037
1 0.5533854166666666 0.5616111111111111 0.03154166666666667 0.022925925925925926
1 0.7210625 0.6449722222222223 0.03472395833333333 0.03119444444444444
1 0.76446875 0.6122962962962962 0.0289375 0.03992592592592592
1 0.6762864583333333 0.25136111111111115 0.033130208333333334 0.02587037037037037
0 0.448640625 0.19980555555555554 0.22945833333333335 0.20875925925925926
0 0.5345052083333334 0.3775648148148148 0.28197395833333333 0.21861111111111112
0 0.6625416666666666 0.4613055555555555 0.35865104166666667 0.1720925925925926