1 0.2920260416666667 0.2911111111111111 0.037760416666666664 0.031296296296296294
1 0.31105208333333334 0.3284166666666667 0.0445625 0.044175925925925924
1 0.313078125 0.3924722222222222 0.0289375 0.02413888888888889
1 0.3349270833333333 0.4565277777777778 0.04021875 0.04525925925925926
1 0.28703645833333336 0.5011574074074074 0.03472395833333333 0.035759259259259255
1 0.698640625 0.6489537037037038 0.036166666666666666 0.04122222222222222
1 0.7473958333333334 0.6272129629629629 0.034145833333333334 0.030666666666666665
1 0.5353020833333333 0.5708796296296296 0.041666666666666664 0.035277777777777776
1 0.6573333333333333 0.26049999999999995 0.033421875000000004 0.03590740740740741
0 0.41391666666666665 0.19877777777777778 0.194734375 0.22111111111111112
0 0.4911770833333333 0.3587962962962963 0.23119270833333333 0.25101851851851853
0 0.66428125 0.42644444444444446 0.35083854166666667 0.18262037037037035