1 0.30128645833333334 0.2810740740740741 0.03660416666666667 0.035916666666666666
1 0.3174166666666667 0.31787037037037036 0.04340104166666667 0.03953703703703704
1 0.3179270833333333 0.38269444444444445 0.03515625 0.03338888888888889
1 0.344546875 0.4461111111111111 0.04267708333333333 0.05065740740740741
1 0.2940520833333334 0.48687962962962966 0.027921875 0.03600925925925926
1 0.706671875 0.6454814814814814 0.03602604166666667 0.030166666666666665
1 0.7504322916666666 0.6126851851851852 0.03675 0.03658333333333333
1 0.542390625 0.5612314814814815 0.041958333333333334 0.02626851851851852
1 0.666234375 0.2526481481481482 0.037328125000000004 0.028444444444444442
0 0.42209375 0.18950925925925924 0.19719270833333333 0.19847222222222222
0 0.49240625 0.35582407407407407 0.2822604166666667 0.1977685185185185
0 0.6516927083333334 0.4227037037037037 0.3355052083333333 0.23126851851851854