1 0.31821354166666665 0.28352777777777777 0.05772395833333333 0.07991666666666666
1 0.308375 0.35375 0.05425520833333333 0.03724074074074074
1 0.34497916666666667 0.41806481481481483 0.03602604166666667 0.052703703703703704
1 0.29094270833333336 0.46501851851851855 0.03558854166666667 0.03342592592592593
1 0.703703125 0.6439351851851852 0.0289375 0.033249999999999995
1 0.745296875 0.6206574074074074 0.025317708333333334 0.03606481481481482
1 0.5690833333333334 0.7158425925925926 0.0363125 0.04125925925925926
1 0.47120833333333334 0.7530185185185185 0.028067708333333333 0.031240740740740743
1 0.6699947916666668 0.2502037037037037 0.024015625 0.03590740740740741
1 0.5753020833333333 0.22332407407407406 0.032552083333333336 0.02535185185185185
0 0.42563541666666665 0.16018518518518518 0.19155208333333332 0.19537037037037036
0 0.4755520833333333 0.32419444444444445 0.193 0.25589814814814815
0 0.638890625 0.42580555555555555 0.30323958333333334 0.25337037037037036