1 0.28674999999999995 0.274 0.03530208333333333 0.02176851851851852
1 0.30454166666666665 0.3087314814814815 0.04311458333333333 0.039796296296296295
1 0.307796875 0.3738148148148148 0.038052083333333334 0.02799074074074074
1 0.28356250000000005 0.4880462962962963 0.03588020833333334 0.04655555555555556
1 0.33275520833333333 0.43775 0.047453125 0.04164814814814814
1 0.6953854166666668 0.631074074074074 0.02965625 0.028101851851851854
1 0.741609375 0.6007222222222222 0.034145833333333334 0.037342592592592594
1 0.6553802083333333 0.23799074074074072 0.027197916666666665 0.032046296296296295
1 0.5334947916666667 0.5538981481481482 0.032260416666666666 0.028064814814814813
0 0.417390625 0.18012037037037038 0.2109375 0.20437962962962963
0 0.4809010416666667 0.34592592592592597 0.25463020833333333 0.20471296296296296
0 0.6749114583333333 0.43107407407407405 0.30353125 0.20423148148148149