1 0.32819791666666664 0.34667592592592594 0.03486458333333333 0.03337962962962963
1 0.34447395833333333 0.3965925925925926 0.044270833333333336 0.05706481481481482
1 0.33846875 0.4500925925925926 0.04615104166666666 0.02210185185185185
1 0.36472916666666666 0.5121018518518519 0.03269791666666667 0.057629629629629635
1 0.318140625 0.5573703703703704 0.033276041666666666 0.039129629629629625
1 0.3250885416666666 0.600462962962963 0.025171875 0.032712962962962965
1 0.6017083333333333 0.7994537037037037 0.033276041666666666 0.033574074074074076
1 0.7323489583333332 0.7215 0.029515625 0.029935185185185183
1 0.7764010416666667 0.6969351851851853 0.02965625 0.030185185185185186
1 0.5648125 0.6391759259259259 0.03472395833333333 0.01961111111111111
1 0.6890208333333334 0.3304722222222222 0.02503125 0.029768518518518517
0 0.43634375 0.23787037037037034 0.1875 0.15321296296296297
0 0.5137447916666666 0.3915925925925926 0.23234895833333333 0.24460185185185188
0 0.6747708333333333 0.4911481481481482 0.30671354166666664 0.23589814814814816