1 0.282625 0.31078703703703703 0.0363125 0.03567592592592593
1 0.30092708333333335 0.3406296296296296 0.041666666666666664 0.037750000000000006
1 0.30114062500000005 0.4055925925925926 0.034 0.02362962962962963
1 0.32971874999999995 0.47144444444444444 0.027489583333333335 0.033944444444444444
1 0.28117708333333336 0.5181388888888889 0.033421875000000004 0.040916666666666664
1 0.6954583333333333 0.6679907407407407 0.03095833333333333 0.03197222222222222
1 0.7391510416666667 0.6363518518518518 0.02459375 0.02836111111111111
1 0.6510416666666666 0.2778611111111111 0.03009375 0.037722222222222226
1 0.5319010416666666 0.5841296296296297 0.032552083333333336 0.024731481481481483
0 0.41370312499999995 0.2182037037037037 0.21397395833333333 0.23114814814814813
0 0.47648958333333336 0.3652222222222222 0.22149999999999997 0.2227222222222222
0 0.6385989583333332 0.45975925925925926 0.3153958333333333 0.21633333333333332