1 0.32002083333333337 0.28674074074074074 0.03240625 0.03489814814814814
1 0.33846875 0.3241666666666667 0.04615104166666666 0.039796296296296295
1 0.33448958333333334 0.38372222222222224 0.03240625 0.03133333333333334
1 0.3602447916666666 0.44842592592592595 0.0445625 0.0434537037037037
1 0.31235416666666665 0.4894537037037037 0.0390625 0.04115740740740741
1 0.5962083333333333 0.7301203703703704 0.03269791666666667 0.041
1 0.72425 0.6602777777777779 0.034145833333333334 0.03917592592592593
1 0.7674322916666667 0.6313333333333334 0.0418125 0.04301851851851852
1 0.687859375 0.26563888888888887 0.02734375 0.035916666666666666
0 0.44155208333333335 0.18655555555555556 0.20602083333333335 0.18637962962962962
0 0.4937083333333333 0.3310092592592593 0.23625520833333333 0.26541666666666663
0 0.6579114583333333 0.44510185185185186 0.32740104166666667 0.25080555555555556