1 0.3109791666666667 0.27194444444444443 0.03168229166666667 0.036175925925925924
1 0.32544791666666667 0.30719444444444444 0.03746875 0.04287962962962963
1 0.31669791666666663 0.3776759259259259 0.036166666666666666 0.0357037037037037
1 0.34996875000000005 0.4400648148148148 0.0390625 0.03701851851851851
1 0.30439583333333337 0.48431481481481475 0.0289375 0.04115740740740741
1 0.7143385416666667 0.6547407407407407 0.029369791666666666 0.03222222222222222
1 0.759765625 0.615 0.031104166666666665 0.037092592592592594
1 0.6778072916666668 0.2540648148148148 0.02575 0.03333333333333333
1 0.5517916666666667 0.5583981481481481 0.03761458333333333 0.02677777777777778
1 0.5868072916666667 0.7224074074074075 0.037036458333333334 0.03585185185185185
0 0.43475 0.18822222222222224 0.21672395833333333 0.2061851851851852
0 0.49681770833333333 0.35648148148148145 0.24594791666666668 0.25050925925925926
0 0.683015625 0.42489814814814814 0.322046875 0.16512962962962963