1 0.325375 0.3088611111111111 0.036166666666666666 0.03181481481481482
1 0.34107291666666667 0.3504074074074074 0.04672916666666667 0.03877777777777778
1 0.34056770833333333 0.4107314814814815 0.031828125 0.03391666666666667
1 0.317203125 0.5177592592592593 0.027921875 0.03602777777777778
1 0.36451041666666667 0.4726018518518519 0.028791666666666667 0.036259259259259255
1 0.5638020833333334 0.6027777777777777 0.033854166666666664 0.022944444444444444
1 0.727359375 0.6905 0.032260416666666666 0.02761111111111111
1 0.775609375 0.6656759259259258 0.026911458333333336 0.033518518518518524
1 0.6915520833333333 0.2932962962962963 0.024307291666666668 0.02949074074074074
1 0.6047447916666666 0.77 0.041666666666666664 0.03844444444444445
0 0.4636875 0.21266666666666667 0.22829687499999998 0.19333333333333336
0 0.5196041666666666 0.406 0.2568020833333333 0.2157962962962963
0 0.7112291666666667 0.46567592592592594 0.2916666666666667 0.1993611111111111