1 0.30541145833333333 0.27246296296296296 0.03558854166666667 0.02485185185185185
1 0.3232760416666667 0.30680555555555555 0.044703124999999996 0.04622222222222223
1 0.32262500000000005 0.3743333333333333 0.027197916666666665 0.026953703703703702
1 0.296078125 0.4856018518518519 0.03544791666666667 0.043731481481481475
1 0.34541145833333337 0.44057407407407406 0.038052083333333334 0.03599074074074074
1 0.7133958333333333 0.6431666666666667 0.024015625 0.01936111111111111
1 0.547453125 0.5573703703703704 0.046296875 0.028833333333333332
1 0.75759375 0.6134537037037037 0.032552083333333336 0.040185185185185185
1 0.673609375 0.24827777777777776 0.025463541666666666 0.032046296296296295
0 0.4346041666666667 0.18411111111111111 0.21411979166666667 0.19383333333333333
0 0.49681770833333333 0.349787037037037 0.2633125 0.2021388888888889
0 0.6430104166666666 0.43172222222222223 0.2964427083333333 0.19523148148148148