1 0.3133697916666666 0.2728425925925926 0.04571875 0.03180555555555556
1 0.33413020833333335 0.29947222222222225 0.049046875000000004 0.048018518518518516
1 0.33586458333333336 0.3654537037037037 0.034 0.031842592592592596
1 0.35988020833333334 0.4250185185185185 0.038052083333333334 0.04396296296296296
1 0.31459895833333335 0.48431481481481475 0.02734375 0.03086111111111111
1 0.7243177083333333 0.6045833333333334 0.02965625 0.03477777777777778
1 0.7721354166666666 0.5834814814814815 0.033854166666666664 0.03579629629629629
1 0.565609375 0.5335740740740741 0.04326041666666667 0.032685185185185185
1 0.6850416666666667 0.21869444444444444 0.022859375 0.03461111111111111
0 0.43909374999999995 0.1808888888888889 0.22540624999999997 0.19769444444444442
0 0.5073072916666667 0.3169814814814815 0.27271354166666667 0.16739814814814813
0 0.6658697916666667 0.3968611111111111 0.354890625 0.2263425925925926