1 0.33991666666666664 0.3911851851851852 0.03168229166666667 0.03185185185185185
1 0.34020312500000005 0.3228796296296296 0.04267708333333333 0.037222222222222226
1 0.3232083333333333 0.28917592592592595 0.031828125 0.027435185185185184
1 0.3644375 0.451 0.033276041666666666 0.03830555555555555
1 0.31481250000000005 0.4985925925925926 0.03125 0.040907407407407406
1 0.7264895833333332 0.6724907407407407 0.03978645833333334 0.032749999999999994
1 0.772859375 0.6463796296296297 0.029515625 0.036083333333333335
1 0.689234375 0.27438888888888885 0.0289375 0.039009259259259264
1 0.6003333333333334 0.748 0.03746875 0.04384259259259259
1 0.5647447916666667 0.5830925925925926 0.03920833333333333 0.018555555555555554
0 0.44343229166666664 0.20469444444444443 0.17621354166666667 0.21442592592592594
0 0.5215572916666666 0.3743518518518519 0.22829687499999998 0.23275925925925925
0 0.68496875 0.4448425925925926 0.33405729166666664 0.23587962962962963