1 0.3174895833333334 0.2772222222222222 0.03891666666666667 0.03849074074074074
1 0.3368802083333333 0.3143888888888889 0.058015625 0.038768518518518515
1 0.3372395833333333 0.3734351851851852 0.024015625 0.021037037037037035
1 0.36342708333333335 0.4413518518518519 0.03240625 0.03959259259259259
1 0.31821354166666665 0.4875277777777777 0.034578125 0.0372962962962963
1 0.7258385416666666 0.6268333333333334 0.039640625 0.03400925925925925
1 0.5685052083333333 0.5531296296296296 0.03746875 0.024462962962962964
1 0.7764739583333333 0.6059907407407408 0.03095833333333333 0.02937037037037037
1 0.6877916666666667 0.23875925925925928 0.0390625 0.03564814814814815
0 0.47490104166666663 0.18308333333333332 0.2738697916666667 0.18560185185185185
0 0.5275624999999999 0.3640648148148148 0.25535416666666666 0.23275925925925925
0 0.6990729166666667 0.4071574074074074 0.30439583333333337 0.2263425925925926