1 0.3177083333333333 0.40944444444444444 0.03125 0.031342592592592596
1 0.3407135416666666 0.4756944444444444 0.028645833333333332 0.040379629629629626
1 0.29282291666666665 0.519425925925926 0.03472395833333333 0.035250000000000004
1 0.5731354166666667 0.7846574074074074 0.034 0.03485185185185185
1 0.7026927083333334 0.7078703703703704 0.028067708333333333 0.03147222222222222
1 0.5366041666666667 0.6098518518518519 0.030380208333333332 0.026805555555555555
1 0.75 0.6840740740740741 0.0289375 0.03532407407407407
1 0.6721666666666667 0.31310185185185185 0.028354166666666666 0.025898148148148146
1 0.5760260416666667 0.2817222222222222 0.028213541666666668 0.02691666666666667
0 0.415796875 0.18628703703703703 0.15914583333333335 0.14058333333333334
0 0.4422760416666666 0.351712962962963 0.21325 0.1751296296296296
0 0.5865885416666666 0.45616666666666666 0.2761875 0.26469444444444445
1 0.29897395833333335 0.3107962962962963 0.041234375000000004 0.04596296296296296
1 0.3216875 0.34988888888888886 0.044994791666666666 0.044953703703703704