1 0.32675 0.3146574074074074 0.06090625 0.07426851851851851
1 0.326171875 0.3916944444444444 0.044703124999999996 0.030824074074074073
1 0.35423958333333333 0.4583240740740741 0.03486458333333333 0.03650925925925926
1 0.30396354166666667 0.5001296296296296 0.03269791666666667 0.037814814814814815
1 0.30909895833333334 0.5394907407407408 0.026765625 0.026
1 0.550421875 0.5841296296296297 0.03602604166666667 0.026787037037037036
1 0.7177395833333333 0.6790555555555555 0.03269791666666667 0.03763888888888889
1 0.763453125 0.6502407407407408 0.028067708333333333 0.03350925925925926
1 0.586296875 0.7526296296296296 0.04528125 0.034583333333333334
1 0.681421875 0.2841666666666666 0.027197916666666665 0.029750000000000002
1 0.5855052083333334 0.25805555555555554 0.03095833333333333 0.022787037037037036
0 0.4262135416666667 0.17947222222222223 0.18460416666666665 0.16193518518518518
0 0.4738125 0.32328703703703704 0.20804166666666665 0.20881481481481481
0 0.6325208333333333 0.43750925925925926 0.28703645833333336 0.23767592592592593